<<<<<<< HEAD
0000000000000000
0000000000000000
0000000000000000
0000000000000000
0000000000000000
0000000000000000
0000000000000000
0000000000000000
0000000000000000
0000000000000000
0000000000000000
0000000000000000
0000000000000000
0000000000000000
0000000000000000
0000000000000000
0000000000000000
0000000000000000
0000001111000000
0000001111000000
0000001111000000
0000001111000000
0000001111000000
0000001111000000
0000111100000000
0000111100000000
0000000000000000
0000000000000000
0000000000000000
0000000000000000
0000000000000000
0000000000000000
0000000000000000
0000000000000000
0000000000000000
0000000000000000
0000000000000000
0000000000000000
0000000000000000
0000000000000000
0000000000000000
0000000000000000
0000000000000000
0000000000000000
0000000000000000
0000000000000000
0011111111111100
0011111111111100
0000000000000000
0000000000000000
0000000000000000
0000000000000000
0000000000000000
0000000000000000
0000000000000000
0000000000000000
0000000000000000
0000000000000000
0000000000000000
0000000000000000
0000000000000000
0000000000000000
0000000000000000
0000000000000000
0000000000000000
0000000000000000
0000000000000000
0000000000000000
0000000000000000
0000000000000000
0000000000000000
0000000000000000
0000000000000000
0000000000000000
0000000000000000
0000000000000000
0000000000000000
0000000000000000
0000000000000000
0000000000000000
0000000000000000
0000000000000000
0000000000000000
0000000000000000
0000001111000000
0000001111000000
0000001111000000
0000001111000000
0000000000000000
0000000000000000
0000000000000000
0000000000000000
0000000000000000
0000000000000000
0000000000000000
0000000000000000
0000000000000000
0000000000000000
0000000000000000
0000000000000000
0000000000000000
0000000000000000
0000000000000000
0000000000000000
0000000000001100
0000000000001100
0000000000111100
0000000000111100
0000000011110000
0000000011110000
0000001111000000
0000001111000000
0000111100000000
0000111100000000
0011110000000000
0011110000000000
1111000000000000
1111000000000000
1100000000000000
1100000000000000
0000000000000000
0000000000000000
0000000000000000
0000000000000000
0000000000000000
0000000000000000
0000000000000000
0000000000000000
=======
>>>>>>> 2f8971b62164db474c8b5ef3966b9a9ac05e0109
0000000000000000
0000000000000000
0011110000111100
0011110000111100
0011110000111100
0011110000111100
0011110000111100
0011110000111100
0000110000110000
0000110000110000
0000000000000000
0000000000000000
0000000000000000
0000000000000000
0000000000000000
0000000000000000
0000000000000000
0000000000000000
0000000000000000
0000000000000000
0000000000000000
0000000000000000
0000000000000000
0000000000000000
0000000000000000
0000000000000000
0000000000000000
0000000000000000
0000000000000000
0000000000000000
0000000000000000
0000000000000000
0000000000000000
0000000000000000
0000000000000000
0000000000000000
0000001111000000
0000001111000000
0000111111110000
0000111111110000
0000111111110000
0000111111110000
0000111111110000
0000111111110000
0000001111000000
0000001111000000
0000001111000000
0000001111000000
0000001111000000
0000001111000000
0000000000000000
0000000000000000
0000001111000000
0000001111000000
0000001111000000
<<<<<<< HEAD
0000000000000000
0000000000000000
0000000000000000
0000000000000000
0000000000000000
0000000000000000
0000000000000000
0000000000000000
0000000000000000
0000000000000000
0000000000000000
0000000000000000
0000000000000000
0000000000000000
0000000000000000
0000000000000000
0000000000000000
0000000000000000
0000001111000000
0000001111000000
0000001111000000
0000001111000000
0000000000000000
0000000000000000
0000000000000000
0000000000000000
0000000000000000
0000000000000000
0000001111000000
0000001111000000
0000001111000000
0000001111000000
0000111100000000
0000111100000000
0000000000000000
0000000000000000
0000000000000000
0000000000000000
0000000000000000
0000000000000000
0000000000000000
0000000000000000
0000000000000000
0000000000000000
0000000000000000
0000000000000000
0000000000000000
0000000000000000
0000000000111100
0000000000111100
0000000011110000
0000000011110000
0000001111000000
0000001111000000
0000111100000000
0000111100000000
0011110000000000
0011110000000000
0000111100000000
0000111100000000
0000001111000000
0000001111000000
0000000011110000
0000000011110000
0000000000111100
0000000000111100
0000000000000000
0000000000000000
0000000000000000
0000000000000000
0000000000000000
0000000000000000
0000000000000000
0000000000000000
0000000000000000
0000000000000000
0000000000000000
0000000000000000
0000000000000000
0000000000000000
0000000000000000
0000000000000000
0000000000000000
0000000000000000
0011111111111100
0011111111111100
0000000000000000
0000000000000000
0000000000000000
0000000000000000
0011111111111100
0011111111111100
0000000000000000
0000000000000000
0000000000000000
0000000000000000
0000000000000000
0000000000000000
0000000000000000
0000000000000000
0000000000000000
0000000000000000
0000000000000000
0000000000000000
0000000000000000
0000000000000000
0000000000000000
0000000000000000
0000000000000000
0000000000000000
0000000000000000
0000000000000000
0011110000000000
0011110000000000
0000111100000000
0000111100000000
0000001111000000
0000001111000000
0000000011110000
0000000011110000
0000000000111100
0000000000111100
0000000011110000
0000000011110000
0000001111000000
0000001111000000
0000111100000000
0000111100000000
0011110000000000
0011110000000000
0000000000000000
0000000000000000
0000000000000000
0000000000000000
0000000000000000
0000000000000000
0000000000000000
0000000000000000
0000000000000000
0000000000000000
0000000000000000
0000000000000000
0011111111110000
0011111111110000
1111000000111100
1111000000111100
1111000000111100
1111000000111100
0000000011110000
0000000011110000
0000001111000000
0000001111000000
0000001111000000
0000001111000000
0000001111000000
0000001111000000
0000000000000000
0000000000000000
0000001111000000
0000001111000000
0000001111000000
0000001111000000
0000000000000000
0000000000000000
0000000000000000
0000000000000000
0000000000000000
0000000000000000
0000000000000000
0000000000000000
0000000000000000
0000000000000000
0000000000000000
0000000000000000
0011111111110000
0011111111110000
1111000000111100
1111000000111100
1111000000111100
1111000000111100
1111000000111100
1111000000111100
1111001111111100
1111001111111100
1111001111111100
1111001111111100
1111001111111100
1111001111111100
1111001111110000
1111001111110000
1111000000000000
1111000000000000
0011111111110000
0011111111110000
0000000000000000
0000000000000000
0000000000000000
0000000000000000
0000000000000000
0000000000000000
0000000000000000
0000000000000000
0000000000000000
0000000000000000
0000000000000000
0000000000000000
0000001100000000
0000001100000000
0000111111000000
0000111111000000
0011110011110000
0011110011110000
1111000000111100
1111000000111100
1111000000111100
1111000000111100
1111111111111100
1111111111111100
1111000000111100
1111000000111100
1111000000111100
1111000000111100
1111000000111100
1111000000111100
1111000000111100
1111000000111100
0000000000000000
0000000000000000
0000000000000000
0000000000000000
0000000000000000
0000000000000000
0000000000000000
0000000000000000
0000000000000000
0000000000000000
0000000000000000
0000000000000000
1111111111110000
1111111111110000
0011110000111100
0011110000111100
0011110000111100
0011110000111100
0011110000111100
0011110000111100
0011111111110000
0011111111110000
0011110000111100
0011110000111100
0011110000111100
0011110000111100
0011110000111100
0011110000111100
0011110000111100
0011110000111100
1111111111110000
1111111111110000
0000000000000000
0000000000000000
0000000000000000
0000000000000000
0000000000000000
0000000000000000
0000000000000000
0000000000000000
0000000000000000
0000000000000000
0000000000000000
0000000000000000
0000111111110000
0000111111110000
0011110000111100
0011110000111100
1111000000001100
1111000000001100
1111000000000000
1111000000000000
1111000000000000
1111000000000000
1111000000000000
1111000000000000
1111000000000000
1111000000000000
1111000000001100
1111000000001100
0011110000111100
0011110000111100
0000111111110000
0000111111110000
0000000000000000
0000000000000000
0000000000000000
0000000000000000
0000000000000000
0000000000000000
0000000000000000
0000000000000000
0000000000000000
0000000000000000
0000000000000000
0000000000000000
1111111111000000
1111111111000000
0011110011110000
0011110011110000
0011110000111100
0011110000111100
0011110000111100
0011110000111100
0011110000111100
0011110000111100
0011110000111100
0011110000111100
0011110000111100
0011110000111100
0011110000111100
0011110000111100
0011110011110000
0011110011110000
1111111111000000
1111111111000000
0000000000000000
0000000000000000
0000000000000000
0000000000000000
0000000000000000
0000000000000000
0000000000000000
0000000000000000
0000000000000000
0000000000000000
0000000000000000
0000000000000000
1111111111111100
1111111111111100
0011110000111100
0011110000111100
0011110000001100
0011110000001100
0011110011000000
0011110011000000
0011111111000000
0011111111000000
0011110011000000
0011110011000000
0011110000000000
0011110000000000
0011110000001100
0011110000001100
0011110000111100
0011110000111100
1111111111111100
1111111111111100
0000000000000000
0000000000000000
0000000000000000
0000000000000000
0000000000000000
0000000000000000
0000000000000000
0000000000000000
0000000000000000
0000000000000000
0000000000000000
0000000000000000
1111111111111100
1111111111111100
0011110000111100
0011110000111100
0011110000001100
0011110000001100
0011110011000000
0011110011000000
0011111111000000
0011111111000000
0011110011000000
0011110011000000
0011110000000000
0011110000000000
0011110000000000
0011110000000000
0011110000000000
0011110000000000
1111111100000000
1111111100000000
0000000000000000
0000000000000000
0000000000000000
0000000000000000
0000000000000000
0000000000000000
0000000000000000
0000000000000000
0000000000000000
0000000000000000
0000000000000000
0000000000000000
0000111111110000
0000111111110000
0011110000111100
0011110000111100
1111000000001100
1111000000001100
1111000000000000
1111000000000000
1111000000000000
1111000000000000
1111001111111100
1111001111111100
1111000000111100
1111000000111100
1111000000111100
1111000000111100
0011110000111100
0011110000111100
0000111111001100
0000111111001100
0000000000000000
0000000000000000
0000000000000000
0000000000000000
0000000000000000
0000000000000000
0000000000000000
0000000000000000
0000000000000000
0000000000000000
0000000000000000
0000000000000000
1111000000111100
1111000000111100
1111000000111100
1111000000111100
1111000000111100
1111000000111100
1111000000111100
1111000000111100
1111111111111100
1111111111111100
1111000000111100
1111000000111100
1111000000111100
1111000000111100
1111000000111100
1111000000111100
1111000000111100
1111000000111100
1111000000111100
1111000000111100
0000000000000000
0000000000000000
0000000000000000
0000000000000000
0000000000000000
0000000000000000
0000000000000000
0000000000000000
0000000000000000
0000000000000000
0000000000000000
0000000000000000
0000111111110000
0000111111110000
0000001111000000
0000001111000000
0000001111000000
0000001111000000
0000001111000000
0000001111000000
0000001111000000
0000001111000000
0000001111000000
0000001111000000
0000001111000000
0000001111000000
0000001111000000
0000001111000000
0000001111000000
0000001111000000
0000111111110000
0000111111110000
0000000000000000
0000000000000000
0000000000000000
0000000000000000
0000000000000000
0000000000000000
0000000000000000
0000000000000000
0000000000000000
0000000000000000
0000000000000000
0000000000000000
0000001111111100
0000001111111100
0000000011110000
0000000011110000
0000000011110000
0000000011110000
0000000011110000
0000000011110000
0000000011110000
0000000011110000
0000000011110000
0000000011110000
1111000011110000
1111000011110000
1111000011110000
1111000011110000
1111000011110000
1111000011110000
0011111111000000
0011111111000000
0000000000000000
0000000000000000
0000000000000000
0000000000000000
0000000000000000
0000000000000000
0000000000000000
0000000000000000
0000000000000000
0000000000000000
0000000000000000
0000000000000000
1111110000111100
1111110000111100
0011110000111100
0011110000111100
0011110000111100
0011110000111100
0011110011110000
0011110011110000
0011111111000000
0011111111000000
0011111111000000
0011111111000000
0011110011110000
0011110011110000
0011110000111100
0011110000111100
0011110000111100
0011110000111100
1111110000111100
1111110000111100
0000000000000000
0000000000000000
0000000000000000
0000000000000000
0000000000000000
0000000000000000
0000000000000000
0000000000000000
0000000000000000
0000000000000000
0000000000000000
0000000000000000
1111111100000000
1111111100000000
0011110000000000
0011110000000000
0011110000000000
0011110000000000
0011110000000000
0011110000000000
0011110000000000
0011110000000000
0011110000000000
0011110000000000
0011110000000000
0011110000000000
0011110000001100
0011110000001100
0011110000111100
0011110000111100
1111111111111100
1111111111111100
0000000000000000
0000000000000000
0000000000000000
0000000000000000
0000000000000000
0000000000000000
0000000000000000
0000000000000000
0000000000000000
0000000000000000
0000000000000000
0000000000000000
1111000000001111
1111000000001111
1111110000111111
1111110000111111
1111111111111111
1111111111111111
1111111111111111
1111111111111111
1111001111001111
1111001111001111
1111000000001111
1111000000001111
1111000000001111
1111000000001111
1111000000001111
1111000000001111
1111000000001111
1111000000001111
1111000000001111
1111000000001111
0000000000000000
0000000000000000
0000000000000000
0000000000000000
0000000000000000
0000000000000000
0000000000000000
0000000000000000
0000000000000000
0000000000000000
0000000000000000
0000000000000000
1111000000111100
1111000000111100
1111110000111100
1111110000111100
1111111100111100
1111111100111100
1111111111111100
1111111111111100
1111001111111100
1111001111111100
1111000011111100
1111000011111100
1111000000111100
1111000000111100
1111000000111100
1111000000111100
1111000000111100
1111000000111100
1111000000111100
1111000000111100
0000000000000000
0000000000000000
0000000000000000
0000000000000000
0000000000000000
0000000000000000
0000000000000000
0000000000000000
0000000000000000
0000000000000000
0000000000000000
0000000000000000
0011111111110000
0011111111110000
1111000000111100
1111000000111100
1111000000111100
1111000000111100
1111000000111100
1111000000111100
1111000000111100
1111000000111100
1111000000111100
1111000000111100
1111000000111100
1111000000111100
1111000000111100
1111000000111100
1111000000111100
1111000000111100
0011111111110000
0011111111110000
0000000000000000
0000000000000000
0000000000000000
0000000000000000
0000000000000000
0000000000000000
0000000000000000
0000000000000000
0000000000000000
0000000000000000
0000000000000000
0000000000000000
1111111111110000
1111111111110000
0011110000111100
0011110000111100
0011110000111100
0011110000111100
0011110000111100
0011110000111100
0011111111110000
0011111111110000
0011110000000000
0011110000000000
0011110000000000
0011110000000000
0011110000000000
0011110000000000
0011110000000000
0011110000000000
1111111100000000
1111111100000000
0000000000000000
0000000000000000
0000000000000000
0000000000000000
0000000000000000
0000000000000000
0000000000000000
0000000000000000
0000000000000000
0000000000000000
0000000000000000
0000000000000000
0011111111110000
0011111111110000
1111000000111100
1111000000111100
1111000000111100
1111000000111100
1111000000111100
1111000000111100
1111000000111100
1111000000111100
1111000000111100
1111000000111100
1111000000111100
1111000000111100
1111001100111100
1111001100111100
1111001111111100
1111001111111100
0011111111110000
0011111111110000
0000000011110000
0000000011110000
0000000011111100
0000000011111100
0000000000000000
0000000000000000
0000000000000000
0000000000000000
0000000000000000
0000000000000000
0000000000000000
0000000000000000
1111111111110000
1111111111110000
0011110000111100
0011110000111100
0011110000111100
0011110000111100
0011110000111100
0011110000111100
0011111111110000
0011111111110000
0011110011110000
0011110011110000
0011110000111100
0011110000111100
0011110000111100
0011110000111100
0011110000111100
0011110000111100
1111110000111100
1111110000111100
0000000000000000
0000000000000000
0000000000000000
0000000000000000
0000000000000000
0000000000000000
0000000000000000
0000000000000000
0000000000000000
0000000000000000
0000000000000000
0000000000000000
0011111111110000
0011111111110000
1111000000111100
1111000000111100
1111000000111100
1111000000111100
0011110000000000
0011110000000000
0000111111000000
0000111111000000
0000000011110000
0000000011110000
0000000000111100
0000000000111100
1111000000111100
1111000000111100
1111000000111100
1111000000111100
0011111111110000
0011111111110000
0000000000000000
0000000000000000
0000000000000000
0000000000000000
0000000000000000
0000000000000000
0000000000000000
0000000000000000
0000000000000000
0000000000000000
0000000000000000
0000000000000000
1111111111111111
1111111111111111
1111001111001111
1111001111001111
1100001111000011
1100001111000011
0000001111000000
0000001111000000
0000001111000000
0000001111000000
0000001111000000
0000001111000000
0000001111000000
0000001111000000
0000001111000000
0000001111000000
0000001111000000
0000001111000000
0000111111110000
0000111111110000
0000000000000000
0000000000000000
0000000000000000
0000000000000000
0000000000000000
0000000000000000
0000000000000000
0000000000000000
0000000000000000
0000000000000000
0000000000000000
0000000000000000
1111000000111100
1111000000111100
1111000000111100
1111000000111100
1111000000111100
1111000000111100
1111000000111100
1111000000111100
1111000000111100
1111000000111100
1111000000111100
1111000000111100
1111000000111100
1111000000111100
1111000000111100
1111000000111100
1111000000111100
1111000000111100
0011111111110000
0011111111110000
0000000000000000
0000000000000000
0000000000000000
0000000000000000
0000000000000000
0000000000000000
0000000000000000
0000000000000000
0000000000000000
0000000000000000
0000000000000000
0000000000000000
1111000000001111
1111000000001111
1111000000001111
1111000000001111
1111000000001111
1111000000001111
1111000000001111
1111000000001111
1111000000001111
1111000000001111
1111000000001111
1111000000001111
1111000000001111
1111000000001111
0011110000111100
0011110000111100
0000111111110000
0000111111110000
0000001111000000
0000001111000000
0000000000000000
0000000000000000
0000000000000000
0000000000000000
0000000000000000
0000000000000000
0000000000000000
0000000000000000
0000000000000000
0000000000000000
0000000000000000
0000000000000000
1111000000001111
1111000000001111
1111000000001111
1111000000001111
1111000000001111
1111000000001111
1111000000001111
1111000000001111
1111000000001111
1111000000001111
1111001111001111
1111001111001111
1111001111001111
1111001111001111
1111111111111111
1111111111111111
0011110000111100
0011110000111100
0011110000111100
0011110000111100
0000000000000000
0000000000000000
0000000000000000
0000000000000000
0000000000000000
0000000000000000
0000000000000000
0000000000000000
0000000000000000
0000000000000000
0000000000000000
0000000000000000
1111000000001111
1111000000001111
1111000000001111
1111000000001111
0011110000111100
0011110000111100
0000111111110000
0000111111110000
0000001111000000
0000001111000000
0000001111000000
0000001111000000
0000111111110000
0000111111110000
0011110000111100
0011110000111100
1111000000001111
1111000000001111
1111000000001111
1111000000001111
0000000000000000
0000000000000000
0000000000000000
0000000000000000
0000000000000000
0000000000000000
0000000000000000
0000000000000000
0000000000000000
0000000000000000
0000000000000000
0000000000000000
1111000000001111
1111000000001111
1111000000001111
1111000000001111
1111000000001111
1111000000001111
0011110000111100
0011110000111100
0000111111110000
0000111111110000
0000001111000000
0000001111000000
0000001111000000
0000001111000000
0000001111000000
0000001111000000
0000001111000000
0000001111000000
0000111111110000
0000111111110000
0000000000000000
0000000000000000
0000000000000000
0000000000000000
0000000000000000
0000000000000000
0000000000000000
0000000000000000
0000000000000000
0000000000000000
0000000000000000
0000000000000000
1111111111111111
1111111111111111
1111000000001111
1111000000001111
1100000000111100
1100000000111100
0000000011110000
0000000011110000
0000001111000000
0000001111000000
0000111100000000
0000111100000000
0011110000000000
0011110000000000
1111000000000011
1111000000000011
1111000000001111
1111000000001111
1111111111111111
1111111111111111
0000000000000000
0000000000000000
0000000000000000
0000000000000000
0000000000000000
0000000000000000
0000000000000000
0000000000000000
0000000000000000
0000000000000000
0000000000000000
0000000000000000
0000111111110000
0000111111110000
0000111100000000
0000111100000000
0000111100000000
0000111100000000
0000111100000000
0000111100000000
0000111100000000
0000111100000000
0000111100000000
0000111100000000
0000111100000000
0000111100000000
0000111100000000
0000111100000000
0000111100000000
0000111100000000
0000111111110000
0000111111110000
0000000000000000
0000000000000000
0000000000000000
0000000000000000
0000000000000000
0000000000000000
0000000000000000
0000000000000000
0000000000000000
0000000000000000
0000000000000000
0000000000000000
0000000000000000
0000000000000000
1100000000000000
1100000000000000
1111000000000000
1111000000000000
1111110000000000
1111110000000000
0011111100000000
0011111100000000
0000111111000000
0000111111000000
0000001111110000
0000001111110000
0000000011111100
0000000011111100
0000000000111100
0000000000111100
0000000000001100
0000000000001100
0000000000000000
0000000000000000
0000000000000000
0000000000000000
0000000000000000
0000000000000000
0000000000000000
0000000000000000
0000000000000000
0000000000000000
0000000000000000
0000000000000000
0000111111110000
0000111111110000
0000000011110000
0000000011110000
0000000011110000
0000000011110000
0000000011110000
0000000011110000
0000000011110000
0000000011110000
0000000011110000
0000000011110000
0000000011110000
0000000011110000
0000000011110000
0000000011110000
0000000011110000
0000000011110000
0000111111110000
0000111111110000
0000000000000000
0000000000000000
0000000000000000
0000000000000000
0000000000000000
0000000000000000
0000000000000000
0000000000000000
0000001100000000
0000001100000000
0000111111000000
0000111111000000
0011110011110000
0011110011110000
1111000000111100
1111000000111100
0000000000000000
0000000000000000
0000000000000000
0000000000000000
0000000000000000
0000000000000000
0000000000000000
0000000000000000
0000000000000000
0000000000000000
0000000000000000
0000000000000000
0000000000000000
0000000000000000
0000000000000000
0000000000000000
0000000000000000
0000000000000000
0000000000000000
0000000000000000
0000000000000000
0000000000000000
0000000000000000
0000000000000000
0000000000000000
0000000000000000
0000000000000000
0000000000000000
0000000000000000
0000000000000000
0000000000000000
0000000000000000
0000000000000000
0000000000000000
0000000000000000
0000000000000000
0000000000000000
0000000000000000
0000000000000000
0000000000000000
0000000000000000
0000000000000000
0000000000000000
0000000000000000
0000000000000000
0000000000000000
0000000000000000
0000000000000000
0000000000000000
0000000000000000
1111111111111111
1111111111111111
0000000000000000
0000000000000000
0000000000000000
0000000000000000
0000111100000000
0000111100000000
0000111100000000
0000111100000000
0000001111000000
0000001111000000
0000000000000000
0000000000000000
0000000000000000
0000000000000000
0000000000000000
0000000000000000
0000000000000000
0000000000000000
0000000000000000
0000000000000000
0000000000000000
0000000000000000
0000000000000000
0000000000000000
0000000000000000
0000000000000000
0000000000000000
0000000000000000
0000000000000000
0000000000000000
0000000000000000
0000000000000000
0000000000000000
0000000000000000
0000000000000000
0000000000000000
0000000000000000
0000000000000000
0000000000000000
0000000000000000
0000000000000000
0000000000000000
0000000000000000
0000000000000000
0000000000000000
0000000000000000
0011111111000000
0011111111000000
0000000011110000
0000000011110000
0011111111110000
0011111111110000
1111000011110000
1111000011110000
1111000011110000
1111000011110000
1111000011110000
1111000011110000
0011111100111100
0011111100111100
0000000000000000
0000000000000000
0000000000000000
0000000000000000
0000000000000000
0000000000000000
0000000000000000
0000000000000000
0000000000000000
0000000000000000
0000000000000000
0000000000000000
1111110000000000
1111110000000000
0011110000000000
0011110000000000
0011110000000000
0011110000000000
0011111111000000
0011111111000000
0011110011110000
0011110011110000
0011110000111100
0011110000111100
0011110000111100
0011110000111100
0011110000111100
0011110000111100
0011110000111100
0011110000111100
0011111111110000
0011111111110000
0000000000000000
0000000000000000
0000000000000000
0000000000000000
0000000000000000
0000000000000000
0000000000000000
0000000000000000
0000000000000000
0000000000000000
0000000000000000
0000000000000000
0000000000000000
0000000000000000
0000000000000000
0000000000000000
0000000000000000
0000000000000000
0011111111110000
0011111111110000
1111000000111100
1111000000111100
1111000000000000
1111000000000000
1111000000000000
1111000000000000
1111000000000000
1111000000000000
1111000000111100
1111000000111100
0011111111110000
0011111111110000
0000000000000000
0000000000000000
0000000000000000
0000000000000000
0000000000000000
0000000000000000
0000000000000000
0000000000000000
0000000000000000
0000000000000000
0000000000000000
0000000000000000
0000001111110000
0000001111110000
0000000011110000
0000000011110000
0000000011110000
0000000011110000
0000111111110000
0000111111110000
0011110011110000
0011110011110000
1111000011110000
1111000011110000
1111000011110000
1111000011110000
1111000011110000
1111000011110000
1111000011110000
1111000011110000
0011111100111100
0011111100111100
0000000000000000
0000000000000000
0000000000000000
0000000000000000
0000000000000000
0000000000000000
0000000000000000
0000000000000000
0000000000000000
0000000000000000
0000000000000000
0000000000000000
0000000000000000
0000000000000000
0000000000000000
0000000000000000
0000000000000000
0000000000000000
0011111111110000
0011111111110000
1111000000111100
1111000000111100
1111111111111100
1111111111111100
1111000000000000
1111000000000000
1111000000000000
1111000000000000
1111000000111100
1111000000111100
0011111111110000
0011111111110000
0000000000000000
0000000000000000
0000000000000000
0000000000000000
0000000000000000
0000000000000000
0000000000000000
0000000000000000
0000000000000000
0000000000000000
0000000000000000
0000000000000000
0000111111000000
0000111111000000
0011110011110000
0011110011110000
0011110000110000
0011110000110000
0011110000000000
0011110000000000
1111111100000000
1111111100000000
0011110000000000
0011110000000000
0011110000000000
0011110000000000
0011110000000000
0011110000000000
0011110000000000
0011110000000000
1111111100000000
1111111100000000
0000000000000000
0000000000000000
0000000000000000
0000000000000000
0000000000000000
0000000000000000
0000000000000000
0000000000000000
0000000000000000
0000000000000000
0000000000000000
0000000000000000
0000000000000000
0000000000000000
0000000000000000
0000000000000000
0000000000000000
0000000000000000
0011111100111100
0011111100111100
1111000011110000
1111000011110000
1111000011110000
1111000011110000
1111000011110000
1111000011110000
1111000011110000
1111000011110000
1111000011110000
1111000011110000
0011111111110000
0011111111110000
0000000011110000
0000000011110000
1111000011110000
1111000011110000
0011111111000000
0011111111000000
0000000000000000
0000000000000000
0000000000000000
0000000000000000
0000000000000000
0000000000000000
1111110000000000
1111110000000000
0011110000000000
0011110000000000
0011110000000000
0011110000000000
0011110011110000
0011110011110000
0011111100111100
0011111100111100
0011110000111100
0011110000111100
0011110000111100
0011110000111100
0011110000111100
0011110000111100
0011110000111100
0011110000111100
1111110000111100
1111110000111100
0000000000000000
0000000000000000
0000000000000000
0000000000000000
0000000000000000
0000000000000000
0000000000000000
0000000000000000
0000000000000000
0000000000000000
0000000000000000
0000000000000000
0000001111000000
0000001111000000
0000001111000000
0000001111000000
0000000000000000
0000000000000000
0000111111000000
0000111111000000
0000001111000000
0000001111000000
0000001111000000
0000001111000000
0000001111000000
0000001111000000
0000001111000000
0000001111000000
0000001111000000
0000001111000000
0000111111110000
0000111111110000
0000000000000000
0000000000000000
0000000000000000
0000000000000000
0000000000000000
0000000000000000
0000000000000000
0000000000000000
0000000000000000
0000000000000000
0000000000000000
0000000000000000
0000000000111100
0000000000111100
0000000000111100
0000000000111100
0000000000000000
0000000000000000
0000000011111100
0000000011111100
0000000000111100
0000000000111100
0000000000111100
0000000000111100
0000000000111100
0000000000111100
0000000000111100
0000000000111100
0000000000111100
0000000000111100
0000000000111100
0000000000111100
0011110000111100
0011110000111100
0011110000111100
0011110000111100
0000111111110000
0000111111110000
0000000000000000
0000000000000000
0000000000000000
0000000000000000
0000000000000000
0000000000000000
1111110000000000
1111110000000000
0011110000000000
0011110000000000
0011110000000000
0011110000000000
0011110000111100
0011110000111100
0011110011110000
0011110011110000
0011111111000000
0011111111000000
0011111111000000
0011111111000000
0011110011110000
0011110011110000
0011110000111100
0011110000111100
1111110000111100
1111110000111100
0000000000000000
0000000000000000
0000000000000000
0000000000000000
0000000000000000
0000000000000000
0000000000000000
0000000000000000
0000000000000000
0000000000000000
0000000000000000
0000000000000000
0000111111000000
0000111111000000
0000001111000000
0000001111000000
0000001111000000
0000001111000000
0000001111000000
0000001111000000
0000001111000000
0000001111000000
0000001111000000
0000001111000000
0000001111000000
0000001111000000
0000001111000000
0000001111000000
0000001111000000
0000001111000000
0000111111110000
0000111111110000
0000000000000000
0000000000000000
0000000000000000
0000000000000000
0000000000000000
0000000000000000
0000000000000000
0000000000000000
0000000000000000
0000000000000000
0000000000000000
0000000000000000
0000000000000000
0000000000000000
0000000000000000
0000000000000000
0000000000000000
0000000000000000
1111110000111100
1111110000111100
1111111111111111
1111111111111111
1111001111001111
1111001111001111
1111001111001111
1111001111001111
1111001111001111
1111001111001111
1111001111001111
1111001111001111
1111001111001111
1111001111001111
0000000000000000
0000000000000000
0000000000000000
0000000000000000
0000000000000000
0000000000000000
0000000000000000
0000000000000000
0000000000000000
0000000000000000
0000000000000000
0000000000000000
0000000000000000
0000000000000000
0000000000000000
0000000000000000
0000000000000000
0000000000000000
1111001111110000
1111001111110000
0011110000111100
0011110000111100
0011110000111100
0011110000111100
0011110000111100
0011110000111100
0011110000111100
0011110000111100
0011110000111100
0011110000111100
0011110000111100
0011110000111100
0000000000000000
0000000000000000
0000000000000000
0000000000000000
0000000000000000
0000000000000000
0000000000000000
0000000000000000
0000000000000000
0000000000000000
0000000000000000
0000000000000000
0000000000000000
0000000000000000
0000000000000000
0000000000000000
0000000000000000
0000000000000000
0011111111110000
0011111111110000
1111000000111100
1111000000111100
1111000000111100
1111000000111100
1111000000111100
1111000000111100
1111000000111100
1111000000111100
1111000000111100
1111000000111100
0011111111110000
0011111111110000
0000000000000000
0000000000000000
0000000000000000
0000000000000000
0000000000000000
0000000000000000
0000000000000000
0000000000000000
0000000000000000
0000000000000000
0000000000000000
0000000000000000
0000000000000000
0000000000000000
0000000000000000
0000000000000000
0000000000000000
0000000000000000
1111001111110000
1111001111110000
0011110000111100
0011110000111100
0011110000111100
0011110000111100
0011110000111100
0011110000111100
0011110000111100
0011110000111100
0011110000111100
0011110000111100
0011111111110000
0011111111110000
0011110000000000
0011110000000000
0011110000000000
0011110000000000
1111111100000000
1111111100000000
0000000000000000
0000000000000000
0000000000000000
0000000000000000
0000000000000000
0000000000000000
0000000000000000
0000000000000000
0000000000000000
0000000000000000
0000000000000000
0000000000000000
0011111100111100
0011111100111100
1111000011110000
1111000011110000
1111000011110000
1111000011110000
1111000011110000
1111000011110000
1111000011110000
1111000011110000
1111000011110000
1111000011110000
0011111111110000
0011111111110000
0000000011110000
0000000011110000
0000000011110000
0000000011110000
0000001111111100
0000001111111100
0000000000000000
0000000000000000
0000000000000000
0000000000000000
0000000000000000
0000000000000000
0000000000000000
0000000000000000
0000000000000000
0000000000000000
0000000000000000
0000000000000000
1111001111110000
1111001111110000
0011111100111100
0011111100111100
0011110000111100
0011110000111100
0011110000000000
0011110000000000
0011110000000000
0011110000000000
0011110000000000
0011110000000000
1111111100000000
1111111100000000
0000000000000000
0000000000000000
0000000000000000
0000000000000000
0000000000000000
0000000000000000
0000000000000000
0000000000000000
0000000000000000
0000000000000000
0000000000000000
0000000000000000
0000000000000000
0000000000000000
0000000000000000
0000000000000000
0000000000000000
0000000000000000
0011111111110000
0011111111110000
1111000000111100
1111000000111100
0011110000000000
0011110000000000
0000111111000000
0000111111000000
0000000011110000
0000000011110000
1111000000111100
1111000000111100
0011111111110000
0011111111110000
0000000000000000
0000000000000000
0000000000000000
0000000000000000
0000000000000000
0000000000000000
0000000000000000
0000000000000000
0000000000000000
0000000000000000
0000000000000000
0000000000000000
0000001100000000
0000001100000000
0000111100000000
0000111100000000
0000111100000000
0000111100000000
1111111111110000
1111111111110000
0000111100000000
0000111100000000
0000111100000000
0000111100000000
0000111100000000
0000111100000000
0000111100000000
0000111100000000
0000111100111100
0000111100111100
0000001111110000
0000001111110000
0000000000000000
0000000000000000
0000000000000000
0000000000000000
0000000000000000
0000000000000000
0000000000000000
0000000000000000
0000000000000000
0000000000000000
0000000000000000
0000000000000000
0000000000000000
0000000000000000
0000000000000000
0000000000000000
0000000000000000
0000000000000000
1111000011110000
1111000011110000
1111000011110000
1111000011110000
1111000011110000
1111000011110000
1111000011110000
1111000011110000
1111000011110000
1111000011110000
1111000011110000
1111000011110000
0011111100111100
0011111100111100
0000000000000000
0000000000000000
0000000000000000
0000000000000000
0000000000000000
0000000000000000
0000000000000000
0000000000000000
0000000000000000
0000000000000000
0000000000000000
0000000000000000
0000000000000000
0000000000000000
0000000000000000
0000000000000000
0000000000000000
0000000000000000
1111000000001111
1111000000001111
1111000000001111
1111000000001111
1111000000001111
1111000000001111
1111000000001111
1111000000001111
0011110000111100
0011110000111100
0000111111110000
0000111111110000
0000001111000000
0000001111000000
0000000000000000
0000000000000000
0000000000000000
0000000000000000
0000000000000000
0000000000000000
0000000000000000
0000000000000000
0000000000000000
0000000000000000
0000000000000000
0000000000000000
0000000000000000
0000000000000000
0000000000000000
0000000000000000
0000000000000000
0000000000000000
1111000000001111
1111000000001111
1111000000001111
1111000000001111
1111000000001111
1111000000001111
1111001111001111
1111001111001111
1111001111001111
1111001111001111
1111111111111111
1111111111111111
0011110000111100
0011110000111100
0000000000000000
0000000000000000
0000000000000000
0000000000000000
0000000000000000
0000000000000000
0000000000000000
0000000000000000
0000000000000000
0000000000000000
0000000000000000
0000000000000000
0000000000000000
0000000000000000
0000000000000000
0000000000000000
0000000000000000
0000000000000000
1111000000001111
1111000000001111
0011110000111100
0011110000111100
0000111111110000
0000111111110000
0000001111000000
0000001111000000
0000111111110000
0000111111110000
0011110000111100
0011110000111100
1111000000001111
1111000000001111
0000000000000000
0000000000000000
0000000000000000
0000000000000000
0000000000000000
0000000000000000
0000000000000000
0000000000000000
0000000000000000
0000000000000000
0000000000000000
0000000000000000
0000000000000000
0000000000000000
0000000000000000
0000000000000000
0000000000000000
0000000000000000
1111000000111100
1111000000111100
1111000000111100
1111000000111100
1111000000111100
1111000000111100
1111000000111100
1111000000111100
1111000000111100
1111000000111100
1111000000111100
1111000000111100
0011111111111100
0011111111111100
0000000000111100
0000000000111100
0000000011110000
0000000011110000
1111111111000000
1111111111000000
0000000000000000
0000000000000000
0000000000000000
0000000000000000
0000000000000000
0000000000000000
0000000000000000
0000000000000000
0000000000000000
0000000000000000
0000000000000000
0000000000000000
1111111111111100
1111111111111100
1111000011110000
1111000011110000
0000001111000000
=======
>>>>>>> 2f8971b62164db474c8b5ef3966b9a9ac05e0109
0000001111000000
0000000000000000
0000000000000000
0000000000000000
0000000000000000
0000000000000000
0000000000000000
0000000000000000
0000000000000000
